360458
14
4915216
17
1277971
229396
5111832
131099
52133927
688169
720945
366018609
19005495
3571767
655420
205389888
294977
173342789
70
131143
58884168
30834774
688216
15564889
6389853
491616
84803680
295012
229482
120520822
8683640
1966202
32891
1933439
1147016
5636233
721038
211976336
1507485
98474
3473582
327877
32966
2588885
295132
590049
13828322
55574756
1704166
50430183
131498214
17563879
819432
271974637
240
28180725
65783
33390840
1048826
2162942
65806
1999118
180683025
196673810
164593939
1605908
93454613
33049
13173019
1769756
1343779
164138
211288363
983343
142803257
2720068
10780998
393551
33849681
133497176
259817817
23101788
20283741
8028510
12026204
11272544
6848865
7176548
426341
114229604
166986094
590197
491896
301007237
33160
1769874
55869852
1311136
262570
983471
441
12353982
342360514
174621123
34669004
32965080
476
481
175538662
393714
68420083
2785781
3637749
33030647
27460092
1376765
1114632
122487308
4686350
529
533
119046689
85262886
688683
1704494
11403826
65962547
295474
56132152
6193731
918114
98918
230003
1573493
2359935
6390401
66187
143819404
66195
316572310
170001053
365626020
9700005
197294
33476
131790
722
725
726
159875802
145720042
33521
164596
164600
66303
36602626
197379
1966855
177111819
3834636
164625
230162
33559
50856728
688932
814
52495151
69567282
139592499
197430
826
131905
164675
10486597
459590
205194055
951119
136151888
295759
1901394
361308
175080286
159679337
68551530
96830320
882
234259316
2229133
1475482
923
929
23495586
14025641
243139498
33719
108463035
1934272
968
154043337
136381387
13566928
492516
5538792
33772
66559
361477
2098204
1053
94438431
96207920
1074
33844
1091
558148
1705030
1099
1180749
558163
59245652
1868886
1110
1113
984154
99420
134939741
1117
1118
1119
3015780
1127
2032754
820346
6784123
145589376
2032777
1836170
4949131
1166
132240
3310742
2393240
139527335
19498153
2458793
1672368
33973
219251895
3867835
23299278
95716560
361681
94373076
1252
328936
132331
296171
2032875
16418044
134743297
73172232
525576
427276
4031761
1344786
1672473
5014811
1377565
460075
221906228
344294708
1803582
6587710
74679618
261391682
1354
12453197
2393424
242124122
111838554
2360672
4097382
1475945
2033003
2000238
853362
558458
1405
211355021
219940237
2459029
361887
722336
230823
1738161
329138
5604789
92112310
13043125
689595
4851137
2164182
99799
1510
4654577
8652280
6358524
67071
558598
1543
81135118
132623
2360846
11240982
16746006
63473180
198174
18908703
3147308
183371314
1591
1602
493122
7472708
1607
1615
853584
197232208
1619
9569883
1647
1661
22152836
591500
9373326
99988
1541780
4458135
2754199
3901081
558752
15992503
11437755
1083068
63276741
427721
1050320
11306706
1751
263896
18908890
34525
624362
788204
1246958
427764
263926
755446
123832056
165629
1935104
34211587
1796
1115907
1869572
5605137
94930708
103810836
1814
10422051
1827
1378098
395067
34626
1860
34629
161941323
1541964
2099026
198485
1509206
1883
165724
1705821
1895
39487338
34667
182323062
67453
1922
821123
231310
14485392
1940
110659476
20481945
1804199
1509292
16844741
7079888
33458131
19433430
49579991
60098520
2951129
220399582
886754
34787
4458472
172886004
2050
174262280
9635854
169773074
119932947
34836
722971
120948764
113051677
71698466
362534
9635879
591913
6162478
264241
207718453
4491330
34894
30345297
47450198
34902
177080408
2099296
99780716
99715183
96798831
329842
3999862
273909891
886920
2295946
22448278
16713879
98994337
67747
2689193
1280171
60754096
67761
985266
144279731
919739
12224703
6228161
40896710
124291271
166093
217221333
45975769
1968350
2278
2279
155650283
310741238
133366
32573687
1706230
3049722
60000512
3901697
19499266
59934981
152602895
35088
4229393
9373970
2296088
1607966
29428007
12454190
1640754
4032823
362810
2376
66062667
2459981
330063
2656596
24283481
690525
30902637
34277747
6195572
187074946
162892163
2754956
2445
1214871
4000167
1182123
49318317
52496815
2481
2485
2486
297399
2099648
165841355
854477
18221521
3443154
155224537
81791450
2523
952794
6097379
2533
1968618
4229611
4655595
2541
183929325
220072429
35317
199175
4262410
1772042
264720
39455249
2984467
7244320
8423981
2611
756275
133685
2619
4688449
1313345
68167
559687
2650
15239774
5540458
920172
19303024
2853489
2674
126650997
177146490
35450
723581
13830784
4491905
5540489
124127881
2700
2707
920223
2729
4623021
137693869
527023
239110830
1411766
97061558
2745
3246778
690887
2767
4950736
153389776
35538
1542881
204409573
494310
2951916
1182449
199410
133874
2807
35596
592653
690963
2837
789275
87100191
527141
1739560
428843
154438454
2871
10128185
52202298
2657088
35652
1706827
2394957
79235920
2916
2923
3705715
527221
27691900
1575811
2949
84544389
297866
190843788
2952078
35730
6949782
2970
2821020
2977
2983
29068200
33098664
3017639
822192
5802933
70192056
297915
527296
1838024
3020
23366605
2395084
207031253
1379288
396249
3214301
1510371
429030
3050
7015403
35820
147524590
2984945
280890366
142642176
5049344
166926
213191701
461849
2427941
920617
68650
199724
11865133
1936428
5147697
20712504
137595964
101464
51022939
265309
232549
3176
92146799
1248373
20778102
31722616
1576059
56921213
461956
178687110
134295
3226
4263067
3345568
2821281
887972
3640491
3245
1313971
101568
4132039
9604305
527572
183110892
108891385
184814848
262212869
1117445
334400775
30772493
658702
1576215
14421275
36129
2395427
63573287
3368
1936683
3377
151293244
298302
2526528
658756
560456
17763660
101724
3422
160632165
4722024
3116394
101738
232816
201166193
138677619
9768317
232835
298372
3461
3463
2100621
4296078
5442959
6589841
40308114
1019284
164760985
142183837
3494
2428326
2264490
200110
1936821
495035
3520
171249090
1543620
2067910
147197384
3538
757207
3548
3549
134627
3556
5836264
172658156
724464
3581
2002429
12029441
298497
39816706
2985476
3597
2100750
331282
2690579
101910
4361754
593436
4722212
174394924
593456
3635
48795189
3646
3935807
3247680
3653
180555338
1642063
112102997
3680
3280484
3685
30183029
2100855
134775
593534
429695
3715
10489478
69261
364177
888469
3736
3740
3744
3747
3116711
1740461
3768
50400952
1085115
4656836
191401671
69320
134862
4755151
175673045
2526934
855770
364255
102112
102113
135925471
131632872
3817
87461608
1511153
3829
7606007
9604862
260509440
117083904
1740549
3477253
266008
691993
3867
17469218
17960746
3888
13537075
192024373
5902133
3915
266075
233311
1740640
3937
3939
37883750
233319
429927
17403755
46174066
3962
5705599
151523202
98373509
60100486
17436555
1642382
1216420
4016
311562181
6164423
62230482
790484
4689891
4853734
13668331
69622
3117046
9080823
258838519
171020284
18583548
17633277
3837953
97947657
266260
69656
4526104
10653723
138612765
659502
3477551
888882
4150
2035769
430140
4163
364617
528457
4296786
2756690
146575444
4181
69721
4189
2068578
1216612
4201
856177
364658
204017783
26513528
266364
1282174
76943494
4231
37000
4237
1413276
3543204
155324583
161157295
17961144
4282
1577147
1085631
1478850
921797
1708231
200912
4312
4318
659688
3641578
1151211
4332
18092278
19337471
10719491
3608843
1511692
2527501
24580365
4367
69907
1347872
332068
4396
463153
2462008
4409
124358982
14258503
183800139
201724249
1872228
9539942
3805544
1085802
4460
7016813
594287
1839475
495993
364929
4485
725387
4507
4508
561566
182784414
1380770
37283
8425892
725413
6164906
2068916
823733
1708485
365000
81727945
692681
266700
4556
5935567
201168
159158737
37330
168400
3150299
135660
221745654
4198909
4606
463377
19763730
4628
147526165
3215894
180228635
16912925
1217054
136811048
627251
135746
4674
1217094
1741387
1577565
463460
134746736
11407989
856694
463478
24089210
37504
6034053
8360597
9441942
1708696
4762
4264602
68620957
4766
1479333
1544870
37552
4788
1938103
4799
3445440
1348289
4803
11342534
15536840
627401
1544923
299746
4836
3150566
210211558
152867559
4844
1839855
4851
13636353
4866
1872647
10195723
5575436
889623
4890
1053471
9278247
26022701
310088503
2495287
37697
824131
254841668
4935
4526928
205329253
255529832
4969
1119084
168814
2298743
59937656
1053559
824189
113546117
82973575
8131466
5021
5037
5049
5053
210703296
693184
431043
403968967
168912
49255378
3707859
299987
2921439
8492001
37858
5968869
57906149
23532526
5106
5121
5131
165975057
8393752
2233372
136221
300063
431136
226104354
136227
1446971
463935
5188
37957
431174
1643589
496712
8262731
103503
12063830
230397016
5210
824410
5213
1741922
241734757
20812902
100406386
147559539
2364532
1348725
627834
5245
197399679
5250
398470
182260878
70805
136359
72979635
496820
155620545
3511500
398546
3019990
174920923
3282141
27104486
81859816
146740458
595179
300274
234744
431352
791804
218305789
693514
104207630
660758
5405
9737501
206312736
5413
193271078
52729129
1316140
26318129
1283379
54302010
988476
5446
5448
197072200
1545548
183539022
5463
409408862
1250657
13964642
8099169
2266468
88446309
1709422
38259
300416
11310475
202135
216208794
23139741
137500065
71085
595374
7542225
2627026
234963
7509460
5591
7280091
3380706
464355
9672171
366060
14325232
2725363
236295670
5629
6166016
2332160
36574722
92345857
2332169
7345675
202267
5662
5671
1676840
6264364
37525037
77633071
2987567
5685
333369
2594362
1119806
152901185
5720
65869404
4363871
72717924
5733
11867750
26744422
5346924
71277
16389742
562799
13866613
58037882
52631165
5760
38529
2823809
1349253
20518534
5766
91985542
71305
1349260
157357711
300291729
21599901
169630
530083
2725551
4101808
38580
6526649
1644239
2660050
15898332
38621
2103006
497380
5863
235241
166565615
5877
1513207
399096
5883
12719870
5888
53417728
48535300
333573
184162057
2758421
2299680
5921
45913896
13473577
148412201
14358327
5945
5946
2758463
5954
2463556
1709897
1677136
22746961
22222681
4101977
7640927
5984
169828
694133
1447805
132749183
71552
27432840
2365321
2561930
7182223
300944
4069264
192649107
137109
6048
1578918
123312039
169902
6068
268213
169910
2725829
497606
38853
169928
170268627
6101
6108
51255266
89331686
235497
7477235
1480699
20453374
1841152
2725889
235525
3151883
132814862
176265240
6172
88021026
6179
1546274
6181
1841191
5019688
3610670
1218631
170057
14751820
2168919
10295383
6233
1251417
2562137
825438
8951909
6247
235624
1448041
34904173
17176689
157522033
6035571
50075767
112367736
6267
628862
3086467
6287
39073
6315
6317
104636
170177
25237700
104645
891077
71881
111843540
139466969
5118171
3709149
5511393
17570019
225745126
44472553
9345259
164010231
6363385
153262331
2038025
6413
3676433
3971349
6756630
161487131
530717
6441
219879736
6466
39243
72013
3840341
6486
6496
530791
366960
1677683
1448312
12589435
6530
1022344
195631501
2693535
8526239
4004261
9312677
3807665
6579
793014
1776059
95656379
104895
8493510
1546708
1481177
6619
2759134
186620390
858606
3250671
2529775
186587639
181836294
432654
38836751
11311640
220568093
88545822
8526368
87071270
39467
3414574
1022520
6003263
6719
5904973
98179668
6748
38247014
2890346
399983
432752
1350270
2366087
301710
2038416
11541139
9411223
2628249
236196
201530025
957101
239114934
39610
2464444
33397436
20486863
225909455
1252064
6881
72030944
3054310
21830379
1710831
105219
194517763
220928781
13441808
16915220
39703
138009
760606
41425703
41425706
11606831
2530097
164993844
301882
18324285
144022336
25008965
6986
171875148
24124246
7006
12295030
1448831
498563
1186696
236437
7068
1186719
17603490
9280422
433068
203695
1088432
51649464
3152832
20126662
531399
165551053
159849424
10329048
4856795
1645532
7135
63413218
7142
4692969
498678
1416192
54533137
2464787
174070827
138284
6003761
990260
269376
793669
433224
14785615
2530406
120724589
859262
3906690
1940612
7304
49880201
531599
40098
1547427
86449327
72880
2104495
42540213
7355
7361
138442
63184075
6757584
11607253
4824280
187800806
105721
2170114
4955398
138747143
173448456
957717
14621984
7462
7468
6659378
154049847
50568506
924987
1580348
8461642
73035
164928847
859475
18652507
18914656
3513699
5447014
15539559
1842540
3186028
4463984
86973810
7542
531837
17931651
4496784
3775900
728482
214212003
105893
4595113
14196143
925109
18619876
2956775
105971
157949428
4627970
105991
140254735
5807634
1121812
4562454
7703
204320
40482
269861
74554924
40672815
10264111
2530872
116039226
12721722
59842124
7767
3284570
368234
144842347
5807730
1089139
17210994
50110068
201072246
138875
98672252
2563708
1220221
368254
499327
106112
4267660
302732
4202132
794260
73370
270004
7863
40651
2268875
237215438
6299343
54992593
204499
2301663
7907
187834088
44801769
138989
106233
15310589
11443968
255008519
2105102
131931933
6004514
88481571
7974
97787695
2268978
630579
7990
12066619
2236222
8004
184852309
3153755
139104
728929
2236258
26943333
139112
189767531
4595565
2858868
40833
5578625
1810305
401285
565125
204692
1286040
139170
213426085
2203572
8125
14131139
139205
1515463
303048
8144
2662354
83992530
434135
23437287
167419881
6397937
8181
49881088
7479298
663563
2236430
1581076
5808166
178823213
165388337
1646641
3186751
8256
368705
136618049
229482559
73801
3088466
925785
300523612
14393441
860263
827507
6135933
2236543
41088
630915
230793350
237704
247373960
499849
8233100
1286284
2302103
31695000
3907741
1450155
56238252
369631409
142090426
1941698
278044871
3645644
5087440
139473
8403
8420
2105579
2334963
253468925
199860509
221290783
95822114
8483
268411173
201040165
6267176
11215145
3285292
8508
17899844
392700232
347021650
53944663
2695518
19177825
14524775
106859
1024379
139650
3252611
8580
64266639
45130127
3088785
8598
26517915
565665
222011814
1483186
142647731
111059387
52863424
1188296
37921231
369105
22815185
2204127
1712609
207331816
98247151
8704
40051215
369174
1548826
4530723
1778212
107058
41523
5448244
41525
46637626
21635642
75571774
41549
82846289
74334
8805
795239
8810
12034666
226796142
598639
1319536
35529349
2892429
74397
9151141
2204336
5939895
26747577
402119
8905
6398667
1123021
213066447
1450703
322151129
5645025
18064097
795375
1221371
1581821
3056395
46211855
158475030
2958112
42115872
41761
1155876
303910
4596520
15082284
1647404
369453
2695983
205628
1090367
4629342
7349106
41132917
3613572
171877258
56042388
1581981
11871134
2368417
41890
9131
170828715
41906
140211
21767107
74710
2597850
87237607
134816744
2597874
205815
21013496
9216
167945239
68199456
42031
4006960
104211510
336959
2335808
238658
271436
959566
1287248
4826198
2892890
99001448
126264427
6202480
173181
631959
3482776
7644317
3679393
8823976
177611947
828599
894143
2532548
42182
632019
107739
15410407
42233
64791819
238862
3155221
10495258
304413
1123614
11805988
176006454
599352
304449
31401283
4793669
7611723
1221966
3876175
146122066
1418578
2368853
180168024
206168
5383515
220734812
3876206
271728
533877
4531577
6137218
140679
664969
36677009
2696597
80913818
3614110
192456098
206243
168437169
20751809
7054786
8529360
260089298
8037852
5776862
17081823
205596135
16852459
42475
42477
173909493
163161591
927228
9726
24061449
1648144
56010262
68101657
314779162
9762
28354085
42540
304686
1451568
75315
49915443
58533437
468553
108105
15541837
1320535
1582679
4236894
42968687
9841
198387314
108149
2434688
233186982
224536242
180594364
61449917
1550015
164636354
17573570
2696905
5744330
17082058
861901
10626767
1451734
108260
77178601
9381614
1812209
9982
24520446
48342787
50865933
632596
42773
1681173
1812245
68691737
3909411
4630317
117843766
105228092
3188544
206656
75081542
993096
599882
1386319
403284
405546841
141160
147662707
10107
1648508
92579718
4564872
1746825
75658
1517457
1091487
960433
47196086
534461
174019
360622028
40675279
501722
18032609
11773921
370664
75758
5416943
1189875
10231
37103613
600071
567304
11544588
43035
272417
1779751
193439789
3942448
75826
18753593
1976381
698430
5253192
1845323
178399314
19441747
53323870
10337
239715
1353829
1288296
17180781
181282931
222668922
5187707
8005767
11118743
862369
960692
23406779
1484990
1910986
239821
43221
1583339
76012
1091824
10481
207096
9840895
224307456
260516101
174041354
22784273
1190181
36743465
76080
10547
67381576
371022
13969746
19343709
9283934
3058035
216115580
14821762
633225
16755087
41822609
176531866
10651
9284007
95857065
182299062
797115
13117889
272834
23505348
4336089
10234330
1026524
502258
436724
29764088
89696775
2304523
168045068
6760986
2697786
436795
10857030
98085447
207596105
199076432
189246035
141339239
14035574
1387137
109200
183282327
10911
404129
171223721
29731506
10930
91892403
2697909
305846
5745334
207549
797384
371401
862925
43747
87108327
34155249
11676410
181185287
4729609
38185745
1846038
8071963
2534175
633639
731946
1551147
144321338
371520
1911633
404316
666460
334769002
152054637
179514240
9382785
44116885
11160
11161
45263779
3615655
156117933
2894768
109489
2665393
237972417
147008451
1190858
371659
535504
182201297
180956121
3288028
2436062
175088
3910646
24456184
58862586
666621
9907205
17476621
24062990
3255311
404494
109581
3714085
568375
6597687
22162502
699473
11250779
306268
36187245
109679
2534521
1289340
3550335
2763905
568450
60632203
68758670
5385365
4828329
1748147
1256632
830652
222047420
315665599
12889281
2337986
109763
7023816
732366
9776338
273631
202616042
11504
32091379
7810303
44838144
503040
15346956
863505
7712022
470302
1584415
208165
1191206
115223847
48180519
42609964
16690479
372024
66268498
2698626
5090699
13774219
142736
568729
142748
24620457
6466986
154119593
11692
142771
1224122
2174408
503242
7974352
2436566
13577706
238562796
536051
140455411
1093114
2239996
208381
134098434
3583492
2731533
1781264
2338320
2305572
90975788
131739184
11828
1060411
30912059
23932482
141733442
148909648
1683026
110833252
77422
1748593
136621683
160804470
299347578
44668
140291723
170045070
143014
11945
2502317
2240178
7057075
16592567
94383800
11316927
1879743
3092163
1879755
2502352
94121681
1224403
2109139
295153369
12000
437989
141274865
9580277
4370166
31502070
191966980
283291400
864012
405264
53325593
143130
372523
67546925
896817
274243
3813191
10628938
1486667
212021075
175960
470879
12143
12300149
59125632
147402625
143239
700299
163426191
4370332
150515614
166408096
162344874
3518382
87535538
33566661
45016
157331421
37367785
45042
228306931
405503
503816
4206609
12316
62631964
62173231
162345009
2666547
274485
19869752
110440507
15577147
274499
2306116
2338890
163885131
9121887
100642913
5517413
262320231
1421420
327299184
12402
5156987
51163287
7418018
220377251
4042915
9121957
143524
169586854
14037161
219787440
2470070
144945335
5714111
3485889
261075154
7418081
8532195
2765027
12522
241898
10170604
60469493
4829436
405764
1323273
1159442
602387
66826514
152613140
1224990
307489
1356075
194654515
51982644
1126715
1487170
5189959
85635407
1159508
733534
17281375
13676898
3027302
9023864
1683837
1192330
75739536
44839315
2929048
1257881
536997
635309
12724
159723959
1094072
45497
537025
4633029
4600266
166703565
274901
6205921
131412450
15643108
5059045
43102696
167293417
2699761
897529
125153788
2339327
373254
2667020
406031
23147025
700954
142881307
29471263
12836
930347
137048620
635441
164180533
60306001
6140498
111195
7385697
10728051
1815167
343257737
114963083
4371097
77378207
111263
242339
142258851
72528552
3257004
3355318
45755
45756
209596
1094355
504531
7025370
471780
275180
183775982
38843122
105755394
1356546
247411462
162935571
137605919
17937184
537378
1815332
3683111
4207399
2470699
21934897
129381171
2536248
2863941
11252560
202093398
55882584
4272985
40252250
2929499
373044092
139998080
1553281
20689795
193540996
2962313
1618834
132264858
1913755
3617691
3453858
203961253
308136
44807085
27636664
100250558
223851456
47788997
2929606
766926
20198350
12760026
122237914
46044
43627485
865246
1029085
46053
6042598
194753516
373741
111618
570388
4142101
111637
3814427
537631
9417762
144420
74298416
11252784
11744310
3224630
145503298
21148746
4142161
171422802
13417
60306546
35796091
55719036
1356929
20165763
177291
155038866
111763
13808789
67482776
2503832
1619099
1619101
3781797
2962599
168375465
5190848
2110657
1651909
2077893
996551
139179211
2733264
1520855
4142329
37663994
1684734
46344
570634
13587
159233307
603419
79133
38843684
3192100
1586471
89568557
22558013
1160511
60306752
23901516
193836379
21345627
2602332
142423401
898412
2700657
99759484
4797826
11384194
133674377
210321
6567314
165098904
308649
13749
1521082
335197627
11515331
11548107
243160
4732401
2799100
1750524
898562
2668035
4044295
79380
144815650
212055588
2831927
3749440
79429
243270
505433
149141093
154646145
931461
46733
6928024
4535976
8500907
21640875
439990
114079416
198719168
276161
538306
145102
186136270
263927509
866014
2864869
1390310
1160935
112377
46849
3159817
440076
2242320
1554202
1619739
131741469
177971
79672
190560066
97138505
67319631
6731600
99530584
122435418
118372189
97040224
767847
997238
201439113
2209673
7288718
11876242
997269
12040087
604071
1652649
1292207
2602927
964533
997311
26097621
18757604
14311
309229
669688
190232571
123156481
1488899
964627
120993817
13973552
42186804
78755896
4208697
219920456
3586121
57620558
899150
286832725
47197
16562270
1095793
165754995
342132
1751166
4339844
2046091
2046095
68728983
230832291
211117
1194163
3160245
146585801
3061965
40024277
30161112
4045024
833761
137541869
281557231
1849588
243967
1423621
7682310
14602
13121805
14606
149174542
5060885
14616
899360
4274474
1489195
73775409
702775
14647
1489217
178498
1784133
670024
178513
139999577
4536668
13154662
14708
375157
11614588
2242944
1915288
4176285
177420701
833951
28981664
768417
1161639
1128883
702914
14794
152877517
218839505
14806
113115
3455454
179583458
10631655
1817064
1391090
6863347
309750
80381
14855
6470155
30521870
47631
14865
211480
1882649
26556956
3029533
4176415
2013730
703017
16595501
53688891
14914
239909442
7879236
1129032
1260118
47705
5782122
1260138
47730
47731
4143734
13482616
5356156
20232844
1817228
113294
2046613
375445
139180700
211614
112933535
115260065
356727459
15015
146090
1751728
2210484
81410747
1555141
45398737
1063645
15071
15284974
2407158
175880962
998146
211598096
277272
80686
342831
166312762
899903
4242243
159398725
78363463
2931529
24623951
263404372
113519
47983
703365
245480329
180501387
86031244
32684943
3423125
15258
3128221
1325993
21773248
3718082
506819
49920965
17513414
139049932
1948622
4406236
5520355
6208489
15338
25836522
1129462
998394
99957758
179201
146521103
7584787
9255957
4176928
670753
63913006
2145336
15436
178469968
26754138
2604123
1195104
15457
1424481
1817698
7552103
11385968
507000
81018
35011713
21576834
15496
48283
605363
169032883
998581
1096889
156056782
68009166
3456214
263699673
6798558
244959
736478
114703599
4537587
43891962
364002556
867582
1096968
245005
15643
15646
539935
165756200
507180
8699180
137510193
1424702
24755521
10894661
245062
15692
48467
138231125
3358039
6896984
638308
146792
15735
638334
15745
605569
1555842
31473027
441737
2735498
25279906
18333099
272383408
2375091
1523124
1031613
7093706
388578767
261111265
146918
507373
802294
162512380
29834752
16793094
1654290
199212579
138591781
12598823
24854057
1261100
179758
9944623
54607417
4111929
1326655
48717
131481165
835162
23641702
64831083
225558134
94813818
3358332
4439683
310916
1752709
1785476
704137
1425037
1588877
2277008
540309
56344217
16268971
3260080
18726582
7454394
14073541
2080470
1752802
605930
507628
4144879
4931321
107233018
3194623
114443
139411214
1687323
48943
966450
2178877
900931
53034820
2309960
180040
5652317
147302
1032041
50904938
74104690
7061366
1228663
1589123
1359763
1687457
149405605
2277287
24068009
180148
2834356
180155
96649152
56246216
9781194
5881816
4210656
139444193
7323622
16359
1851379
180212
192888829
16498689
442373
139411465
475146
181878802
5324819
606233
291553306
20332574
1097762
1196070
442416
6275121
868418
19120198
84295752
39338060
16462
2703448
24756325
5587053
153763965
93864072
179847308
1884304
180376
4604056
7094428
262783133
16554
2638007
16579
377030
1687766
2048230
4407532
7880943
2113782
82172
6537502
82214
2015529
44810538
6635820
5947696
901428
246069
49465
1458497
191054152
116244817
6898006
229917014
1196382
16138591
2670946
3621222
3162472
246121
49518
178504061
115070
173097345
442767
40452496
4014482
16792
82330
803231
230277544
2507177
4374954
49583
803247
7422385
29376946
145965491
2376132
16869
147953
1556987
1458694
98812426
23249430
145670679
2736666
95011355
49695
4506144
17777191
410154
49711
22561333
770614
182207053
3195472
1032797
16990
3195493
836198
868976
3555959
170312313
31212162
42320531
50545299
70763170
934567
17070
49838
2409137
82002613
138003132
3850949
210158281
3359439
12108497
222216916
836313
803558
4440808
508677
90850053
17167
168444694
3097376
2048802
1164068
11748142
19678000
81281843
49972
1819446
113296189
22758207
13943616
96092995
17219
82765
1131343
4211536
2671442
18269011
17711967
279393
196133730
17256
20661099
9454456
1491835
17275
21021565
213890
62473097
21775243
3818392
5424049
33538996
50106
5161915
4539326
1819583
82889
443338
6570964
2343894
71549911
82909
2311135
836578
1786852
9716713
1786858
607223
4539383
185680898
21021700
1098757
52708366
197903374
1950741
3032091
1066033
6702130
2442314
17486
139150423
9258083
2704523
17556
1950876
346375331
804010
239256748
1164462
2180278
74663097
1426618
2016445
705729
189121730
6866116
209110215
223626441
22693070
935119
7292122
54150403
312583
3228950
7980313
182142239
49464619
189613356
83255
1787202
3392834
116038
102778182
1099080
705868
47727957
225789281
2573666
1951091
17783
148857
50554
17787
3589517
3884435
103302555
1721755
21284251
804262
2049447
19711415
49923514
17853
2344383
509387
2999756
2901455
443862
7357912
345560
148955
159073759
247286
190006786
50691
180307469
17939
6112787
1852961
5162537
97699369
214569
869932
56444468
5817909
3262012
3589696
509508
186697285
142493255
133187144
10667591
17994
2049611
1656396
837196
164742744
159499866
196068956
63391331
3622501
280167
206816873
17319556
219661963
2737811
5850773
27281053
2934447
19875505
66406072
444095
2148032
640711
221464270
3327695
542417
280276
50919
50677484
1689324
1722101
221660917
18173
1361676
26167076
444198
186468157
182078
83774
280386
15058754
247625
5556049
1165137
2443100
18280
51052
7718765
3819372
5097327
34916213
5818231
180864890
18312
4507533
2246544
116626
21776281
378781
30656415
235194274
317114276
51122
1132474
12765126
214982
16369609
4442073
3360733
3983330
444413
51197
9553919
18437
51210
9455628
14338060
74795026
804887
1263646
5818400
18465
28952619
61425708
8603697
935993
9226302
161204293
5392462
212322384
4147280
1263702
35080278
119883870
95307879
1198185
1001583
1656948
1591417
379003
215166
1689727
142985346
3262594
227952806
30394536
189745323
18603
1919147
18606
18615
43174071
1853625
2705597
16828615
2771145
7588060
1198301
124176628
58804479
9357575
477459
84244
23677204
3754275
61884715
11520305
641331
12765499
346440
2115922
179489111
184961372
58968420
248168
176114024
1296747
86821231
18811
3819900
201869693
412030
143804798
9390463
134039942
184535431
36620683
641420
18172312
2705818
18844
182685
412064
243845541
18862
1788335
57625013
2345401
1493439
1624514
18883
20498883
1624516
1559000
49400289
163564035
739844
27412996
1264133
18952
20662805
66177558
415877659
510492
5032478
3885614
4115004
4377155
838220
543309
5032528
1395282
106580564
2312789
313944
107924056
49597030
51814
15190634
2411117
51822
19053
133614192
51828
150135
1493639
543373
19086
9685647
1198736
2804368
1198741
1002139
2247325
51880
132336302
53234355
21613241
219335355
222055102
3132096
17451718
195807947
314060
261671637
8276698
4344548
180996839
43862760
13322988
3001077
5851899
2575119
146950937
674589
84792
262523717
38390602
169364298
6310740
2444122
193088351
209996640
2673509
142560108
904047
1723248
838538
609168
90262424
1952666
172575643
1133467
2509728
248741
10111911
1788844
248753
314292
35605439
183233
5524418
52169
2018250
805836
52173
478165
113101790
62802911
412640
2345952
1821668
191777776
1526775
18041859
176049157
1559568
4181011
182963222
4672536
42060828
260328484
27741223
183347
117817
3656763
5098563
281671
14142536
52299
8670291
85082
2182236
33344605
1002589
9948256
14208109
14961783
248953
1887357
11979905
2935937
85136
155012244
3034263
3329188
3132588
543927
181095612
183500
9325784
253349081
576735
2280681
62573805
78793967
145673462
5819643
183749888
72469764
60017935
347420
1133861
7130407
18173227
6868268
3198256
14667060
120048951
138988857
478526
380236
156486993
118099
8080733
544097
544101
675174
43765095
19824
413042
1068412
14634370
41602448
19862
141872538
22531485
21613983
65195436
445871
5852594
12471748
48713158
413140
13749717
642531
3657193
34033129
66833910
86068730
300830206
71355913
2674188
11783694
139841039
4738580
132861462
125586971
3493408
151078
161173031
73780775
10898985
146165299
126733893
85574
1592902
230903368
1986125
2018899
34164317
42258014
2117224
216682
3624554
52849
183422578
282225
478854
3362440
20114
222383789
216755
160550582
59756215
20159
165105344
4214465
50777795
27053784
2346713
610012
18140894
8703718
3362538
16436979
19615477
115494652
20223
741119
25284351
1429266
15716119
27381528
773913
53018
3690266
2215708
642849
2510626
155373351
577325
5492527
1462066
3297075
11554618
577344
544579
9686854
5820235
6278994
1494869
118614
118619
937833
7982959
20338
415453047
41635705
937866
3067789
16600973
20376
11784095
1822637
20406
15191999
3231682
675783
1429460
185520109
2740215
3166212
446468
446482
2773013
905237
183750682
99864608
413730
54448165
86055
6344744
12210225
2609210
6443066
151614
184340555
1134675
1003605
60739679
1953902
64639098
1626236
21680258
41570439
243978384
56545441
1527980
193482927
1822927
254071000
160682209
11423971
10834166
1462527
25809161
119056
1822997
4509978
577819
1397025
7754018
11981103
1888561
2707763
13881651
20815
165073239
1757536
8049000
194171243
1200497
6279540
290279796
216486260
643449
53627
4280725
512406
3625374
161993124
20902
173691303
184504742
54022570
1003950
8769973
184760
11751877
7328222
2118112
20967
250345
160223742
79155738
227103266
173888039
160846379
348717
319869485
133780020
1692217
6148667
11948604
172970559
33116738
226218572
1921625
21084
8082023
2314856
1004140
2675313
447098
86660
578185
2052746
1593998
3199641
2478746
153539228
21153
152238
21167
2708145
139580095
36590273
82793165
5362395
91017956
5067495
3363561
3068649
140202731
4936432
157078267
3887869
165401348
175952654
1594133
971543
38097687
16077594
2609947
119581
8803101
1200927
611105
28037923
17945384
185142
87905092
155669323
56021850
1200987
1233760
4477801
5952363
1332077
840559
193254256
217972
54134
18699129
54416253
251843463
742286
152470
51925915
209834908
5460894
51958695
906161
114054068
162255799
54199
1135545
16110523
1921982
2249665
84169667
480196
10179534
349142
10671065
41407459
152550
23385068
1758190
4576245
5067767
709624
4150265
2577407
21511
54289
119827
4903960
55366685
152614
185385
71226411
2577455
209933362
260559923
390714421
2872387
6116422
199218247
1922126
4609107
18076764
160289889
283753
152687
54386
1430642
29512821
2577526
26662006
480377
137155705
1594493
33248387
1758340
129881221
20468875
7918733
332059791
1102993
37180563
1365139
243127445
11326614
9196699
185499
47043748
274846887
742568
23155884
1299636
316609
99865803
24138955
10540238
3921119
36000991
85546207
62149858
169727209
35706095
2905330
939257
147608831
1660165
152845
32134415
283925
21782
3331353
184079651
87335
2741545
4478252
9164080
1594675
18863416
185660
54598
1430854
316753
63657298
37016915
4183378
137975123
87386
3396954
251237
3331434
224810357
251256
222745979
11490684
415123
21714339
16504229
4314534
193058224
3331514
10442184
259937738
147051980
85284301
8181211
21982
7296480
644580
122246630
54759
1594856
2545132
480754
179721716
1857013
25548278
1136119
972283
182310395
13719044
13456909
104617491
5789203
2184737
3986981
2807334
7689766
3069484
480818
316979
1988149
906825
4118091
185940
8934996
1660507
272225888
1201763
14636658
168285812
9918075
10409599
96917121
1103492
611974
1758856
2086540
195745426
22164
2086557
677534
3692193
317090
308270763
3036854
19420867
54979
10081993
22220
11687630
27449046
6313693
7034590
513759
88069856
415457
284386
1103585
677607
4347628
55021
5723888
87795
42522362
53171973
317190
3823369
70670093
18470672
1333012
87838
1136418
13358898
18601792
22339
152917828
2578251
82138956
106354510
153426
579415
156063584
51205988
3069796
1300328
907124
350075
219003
49371009
1595269
146888588
3430287
52451242
25548718
22697907
68114361
1234877
317390
448462
147970008
251866
2447327
2414560
1202152
88060
109041672
2185236
1267738
172382235
1366058
448558
2414641
8312882
181917749
3004474
241686587
12507201
187521091
92919878
55368
22601
120919
7460955
3266652
58153065
350316
100784241
2119803
186496
20076676
1562757
6183045
678023
24565897
153745
1267860
120983
120989
28760227
10934436
223566003
191617213
42162371
17127629
28858585
8542436
5691621
579814
22772
841974
3561740
21616908
19749140
46192920
121118
80271655
55603
678199
1825081
147773753
22844
612670
776514
121160
85481802
22868
3987801
27842906
153950
32921959
5069160
121193
2054511
285043
448896
8378752
205609347
219524
154001
809372
22944
2382240
2841018
1825212
163895742
776639
2021826
14637509
15391181
31381968
23002
2972133
285178
1563134
5003778
7559686
254532111
1825309
88613
285221
6838824
7559723
1006130
3398196
49535554
940615
1268304
23128
176642649
184441437
22272607
809577
185129581
449133
1464942
12049005
145349234
23159
9558652
1596034
15325830
1989259
55947
88716
6347405
177691277
12311193
121503
74603171
187058
4151988
23228
287365822
56015
32758487
973528
121571
9558762
2579188
191322871
383752
45898507
56076
613137
4381459
1465109
5167904
2841402
3365698
187203
2120533
56158
19913569
777063
3562344
2677607
53664621
23408
4742008
1268608
32594817
5561218
187268
82402183
23438
185752474
190143399
37280689
64150455
49798080
10509252
56261
189946835
547802
63167451
1367005
227269597
2251741
1039329
1235939
192338924
24239086
2317296
26532848
2448380
16243713
2743298
2710538
224418826
45767693
2907162
2448412
177331229
241327133
6052895
3824675
777251
49011748
23593
161340476
3103827
1530969
82533469
91741281
89196
3824752
153017468
89225
679052
1137811
58055828
2907285
122008
23711
2251935
384164
1563823
9362612
1596601
31120573
187582
2219200
23748
8543434
3202253
318680
42687704
8019169
1432811
1006827
3431672
1596668
56577
3398913
4054274
1170694
31055111
56584
195124486
157670677
3300631
14081304
190536990
3497258
1695018
253228
110419264
196369745
186637657
11066716
187129187
89452
41573765
38067595
351632
7429530
1596831
40295841
1760676
2448806
190471600
122293
135421370
1564101
1138120
10083784
5103058
2055634
86236628
2743766
1269207
97803742
2874854
6708731
63659522
1203721
843286
5135897
1760835
6938183
646728
1498697
5234254
1465938
24147
2186834
285597271
3006053
7954024
87088748
17948279
50191993
25517692
12574335
76603009
227270274
3300996
876165
220487303
97148561
360308373
251354776
12279454
24228
4742842
175595194
8904389
319180
220889
548577
169303796
6708980
4939511
12672761
3432187
581391
155412
6840087
4480791
132013853
384799
89890
24358
10805031
296476467
152297276
57152
86040384
16244546
155457
28761925
11394886
138633048
122748
679807
4382592
11231103
941954
2056074
24472
3334047
843683
24488
4022189
647086
110518192
7495604
20570037
155597
57296
1761242
122848
122849
253924
121659378
2252789
214261754
5070854
19914761
183230474
19881995
974860
17227799
75554840
89153562
11657246
24608
168845347
197025831
17588270
219340850
188469
1466429
12935230
57410
145711175
974947
14082147
1564775
4481143
30138505
63398028
196731023
3072150
213901469
2285727
254894245
811191
160784570
154591419
183230656
57566
745701
258236660
32760057
2842881
3268865
174842123
778515
26468628
1597719
1138980
778534
158458158
2056496
10707249
11493685
59072829
106520902
31711576
204857693
319843
17064291
6873459
20472180
1499513
1368454
49570189
1597838
24975
36299156
90532
1630663
254408
21586377
71426507
1302994
57825
385525
319989
42000887
1434105
12378634
287243
2023948
451095
41837084
549408
3007014
2155048
7823913
98099767
37085751
1401403
191160894
8839750
169927239
65200720
385618
25179
1204827
615005
5890655
3072612
18473576
1827438
57973
1761914
174908035
67887748
8905362
185557656
1467032
516763
1401499
1041062
135488168
48915112
909999
123571
2482871
193159865
5431998
1303240
218424018
169534169
13853404
1204961
3531493
4317925
25649904
3531513
121725694
158327559
1794830
1958688
58171
25813823
844607
713535
8676160
94102340
648014
23421790
12215157
1172352
1106822
91017
207119246
4187025
5923730
37643155
2155414
49669024
52618146
161080229
225076139
24798134
4842430
20243391
34956227
1106885
78209994
975821
189399
4940775
386029
10544111
156657
7398396
1303557
56714249
157148176
191980562
17228818
12346392
1434650
189467
1074205
206070814
58404
301491236
11658278
348316725
7693370
189500
189511
157082703
19260499
21685340
10577009
8610932
82797690
10839164
779389
1467526
255118
1205390
17425557
451736
163964060
3597470
19031212
287924
25781
91320
2024633
177726655
60908749
517327
135750865
2483421
26928350
189669
2155769
213345541
156938
484621
1041696
3040551
943399
2712873
109602088
1336623
288052
10937664
132015425
1074501
57402712
217408857
1008993
2745698
13493601
1467746
288101
320869
288110
124273
3106164
32433524
189814
3270006
8414582
58745
1828217
224322944
12150146
136209797
4318598
72181133
845202
3433874
4908447
19948968
550326
1926583
76768700
1926596
681431
976343
115402204
140273128
203253237
172778999
255497
100165136
452112
648720
33744404
321045
26139
1205794
26157
3401264
12510790
8447559
681552
72377939
1107548
30402149
3565161
5531244
185951862
49079935
8578690
189949572
7104133
141551243
2909835
298706575
195585679
1533610
9397930
5138092
5695154
1304250
14771898
3237587
79226579
11462357
136963800
136013552
157427
40855299
190015237
6678280
38659854
3073828
4515624
221079359
124740
354117
160556881
64087890
41871202
190314
1369972
1664887
14313338
223098
11167615
1107840
3237769
26507
94726035
142665622
29288362
103704495
911284
2549685
16738239
387017
106719182
102197205
1959904
1337313
35678182
22734824
59368
20277224
17688555
156002287
201025527
452604
156002304
83060738
1370136
81160227
321574
2811953
392554555
213837884
1861698
227403848
223308
92240
138504276
59493
1960038
3074161
6482047
1566863
4712593
20736145
5564564
1632406
1861784
288923
2255003
813211
288927
1665189
420009
125101
1599676
1566913
80832707
190660
142534854
235235540
551125
120023254
8743131
485601
29255912
3172588
1829111
164292856
3369216
46328064
141879552
183331088
420112
40200478
157994
5105967
3664179
57764149
100264247
1993031
354639
75917649
1861976
92514
365652322
185362796
26990
162589039
54978932
156002688
27019
485774
27026
1567123
29747606
142436760
41445785
165767587
485802
70773162
518571
649648
16476595
162949556
26929589
3926453
2025911
1993145
8317369
354752
4024772
1731014
747976
133196239
147155421
158231020
55142892
1305078
1993207
1174012
59905
65169922
43313673
551439
16837141
3566106
322083
322084
1239592
256553
33352234
649775
1010230
354880
191042
125510
17197652
3893849
99773017
420452
13429349
4024938
4385390
3566192
6875762
1239666
4123252
911994
453245
1075847
23980679
18737802
1567371
12970638
125607
27323048
86043318
2124473
2419388
27325
12217032
139848408
242739930
115534570
2222832
387829
3992313
136997630
715525
1108755
27415
584472
27419
1239836
11234077
584479
322336
4188959
944935
52357934
153545551
551762
2124628
188279651
2616175
3369846
20540280
155904891
27527
2157448
519051
171961234
1436563
155020181
486299
60326
2583462
5237679
22899634
1797054
1436607
102394819
1141701
27590
27602
238054354
121170922
977900
224242
112028659
977916
879623
1076238
486423
21818396
453661
158752
77524003
551984
322617
8875069
17427522
29191244
6220877
2190415
83258464
322658
126053
257134
78277748
486521
235400326
6941836
1535119
63171735
781468
1797279
36433056
8842404
650409
217345195
14183612
1502401
137161922
126147
160263363
7138502
1469640
3927244
912590
370142417
1961187
27875
31255789
16870639
224510
115109124
73493769
158990
1469719
93466
55110952
4091181
224558
191803
7073113
1109343
126309
126312
2846058
4091248
1109363
41774453
156167541
9334136
1535352
11529607
2583945
13561225
3599756
1338765
2026895
9727379
99216807
2289064
2092459
486827
136375737
454074
15920581
273444298
650713
109276636
2813405
3370471
2420210
355827
142208524
51768850
175861271
69627416
10284568
4681247
323110
222916136
2649650
14839361
126529
90304070
1928778
1044043
1175118
3173967
1207889
2715218
618067
2879065
55537247
53571170
28262
93805
454257
1863285
189984375
2125431
1764985
65334910
47181443
61064
52326027
25947792
28309
13594269
683683
2223780
1928870
552620
224944
181956273
122056373
10743478
3534523
197324478
3206865
487129
3337947
320270044
1142496
1994467
28388
192229
1666789
5402345
847599
7302896
650993
4058868
21917429
1896184
1601273
74608402
7401235
224980754
63827747
320270116
1961776
146468663
8580921
94015
2846528
11562828
3665746
179040085
2846552
61274
618332
237137757
34402152
3534698
5533556
117043079
749450
3633038
49409935
24309656
8482714
30142366
2813854
1666979
913318
2879400
19197871
93155260
421828
2158549
487385
162066394
44822496
159712
2682855
258039
3928056
27717625
40136702
8056836
3371013
98660368
53178393
782362
203223068
61468
552990
5140513
21721121
222556196
84799526
167637036
749615
3862576
14184502
1929270
167899196
159871038
164196419
7041099
160690252
24834130
815194
127067
66285666
41578600
848002
189132933
28814
55931030
24375454
3403935
127143
5402793
4911274
49082546
7860407
3305663
2289856
61652
177008852
2552041
1306858
9564402
14184696
1569041
651540
13594901
353202462
25489701
291115
199094574
1929527
356666
1274189
184512855
1601892
78016873
14807407
29046
146272639
4354433
160136
651677
127395
177107373
3371446
2191799
1864119
61881
1208766
9925059
4256203
4256209
1569251
14250470
8090090
6779375
209646064
77689335
16216588
102855181
1733135
38171152
47575583
13693475
225835
1798702
4911667
127566
47182423
717428
4321910
29316
18674310
15528584
1372809
520842
121762447
1962640
62107
3863196
16478878
619174
5534374
160434
914109
586434
1372868
979653
4584134
8352463
225866457
13595356
193251
10285804
160495
30864115
3175156
156037878
88503038
881407
1504002
258822
137491207
9335567
193295
124842778
12481308
652064
1110823
1602345
55079730
156169015
190640955
5272386
89453387
652114
23753558
95062
14611294
1176417
783202
159019893
29562
6321024
244609923
324485
291721
127884
1373072
62362
173962141
2257827
357283
21820324
947119
172159921
3470261
258999
160695
59012028
324540
3470272
4682689
174126019
193477
7271368
29642
3404746
259031
41808858
6452194
235336676
25129960
14349299
15954932
54490110
2651134
6648842
1963021
57046030
142570520
29721
160796
3470367
1537060
5174334
1406017
29762
259167
1700971
2847854
11105391
1733744
167572605
217674877
3404925
20509825
9172098
6714507
27030674
208336026
30078109
128160
57668769
2192548
183039153
13661365
45839552
2323649
29902
184710354
2553046
33748182
89978074
20313311
6026465
62691
1766631
39449845
99677430
455928
163083513
3208444
143815938
881930
3011856
164164881
8713492
205223190
2323735
41907480
2684193
7730468
3142958
2028870
2389323
1176916
4060504
206009688
270267742
2159966
4453732
17888613
309556581
128362
128368
62845
488829
7173503
142603650
59733385
3798422
1471898
50460058
587168
95659
1734069
40957371
3896768
210400705
1340864
181302732
325073
89978326
357854
4617701
59930099
160593406
2258431
188970495
100693513
186316299
2323980
56915474
1144355
128551
27194920
2258473
620074
456236
128558
1635886
181532207
456251
41645636
95831
6256220
161576549
1275493
26605166
259703
1373819
554622
2389633
1111706
3339930
5142174
2291363
95907
95910
3536558
1570488
12056255
1406669
19756754
1570519
1079009
30435
259812
849636
155875044
239302374
92927722
129955571
161527
292604
137262846
6944515
1439494
2357002
63257
128800
1603362
10057509
2651944
223770410
227116
204470060
35190573
1636146
227123
30518
292669
220100415
391001
161632
554850
10942312
13858669
96111
587633
5338993
2783089
445151094
181270401
1898377
61503371
1898386
1472414
2422691
620452
194484
135821238
2553784
211875771
272562108
30659
10155986
3733462
2127835
156334067
36632591
1964048
1964055
15956002
423971
1472555
1636407
103249980
325712
358481
16939092
124483669
2029655
653426
34502775
96377
177928315
7633029
50493577
30861
124713105
168786076
20543661
129197
6125743
26114223
104364211
45578437
3799237
70777032
9173205
96469
1439965
3733731
251295974
3274985
24049899
981231
522481
232847603
358646
18807032
63109369
32930044
2357513
37779722
2128142
153319697
129301
31000
2816280
325918
1210661
32635192
25590082
128088388
686405
522566
62749007
5667166
2783595
5142898
99121525
2914679
3504511
139688319
193984902
1833359
194964
96661
1505694
883104
457129
2718129
1669556
102955460
58390987
522704
3865043
129505
2783717
1669610
162286
555511
621050
80280061
3799561
293386
102365707
215841292
1210896
2750994
21723670
88504857
147094050
93878821
1964582
17725996
1473072
46463542
1112633
12057166
1702482
3734098
75758182
1145450
123402861
1604206
1243757
16644721
54000241
160168570
182549118
142572160
1178257
57899666
67959444
3013271
359065
135363227
2816679
93682347
64171
2685615
8977086
1800897
2259653
2620102
228046
21658324
35060443
916194
621283
57539298
134183653
31461
1276664
208993020
359168
64263
228106
57211667
1407765
555798
92797728
26835768
51673914
1702718
94239564
18152271
168819538
262568793
34274138
188283739
31030106
97134
110558071
326521
64378
4422528
14908288
97159
234519434
31635
2587556
52067242
7044015
65305532
31681
7764935
10550219
9403345
228306
162771
12352470
31702
2620380
6290397
883679
326629
177699814
949225
97271
10320896
64515
326660
883730
1408019
102202392
228381
193592350
72580132
425000
85883947
1375294
2915392
57867333
269876296
2161736
2096200
851037
72121441
133889123
187366500
181927040
1506438
3505295
949394
73301141
1768600
209550490
180911261
1375392
3505314
5733542
79297706
752818
78871736
228537
785598
167378110
31030466
31943
1080525
3210447
982236
97503
31972
2620645
1473766
1768676
193363186
64757
2817272
64761
108854521
556296
457997
2489620
2882840
818462
130345
5012792
2161986
307952971
130385
243629407
29949279
6487397
523622
1670525
785791
392577
64901
22019461
130439
34372999
1539465
163213
64910
16350610
261536
327072
37191076
4292005
556465
392626
176618933
16317880
4488636
97680838
3964370
164494803
294358
294360
753122
1179109
24051181
982516
216923637
1113594
949761
7568900
1113608
21888524
1474079
49479211
1441324
53247539
458294
4750902
5570108
32316
65096
201391691
6225490
2162259
392791
125533787
17038939
1113692
14909035
687729
174915187
147455605
186449525
103251573
166723193
1703551
1834627
360068
2784904
153812627
720540
7110301
2096806
294577
130738
63274679
24313528
109117114
183926459
32964289
1212100
3702471
4521671
556752
218922704
130771
1277652
6815445
148209363
14089944
4685536
3374822
1375979
32492
56033031
216629007
3473168
130833
25100051
4914964
1015576
16678686
3669793
392998
2326319
1081142
294714
425795
8847171
1867591
103317324
2424658
4620122
98139
1081194
208535404
10354548
1048437
174227316
458634
1048458
1703821
1015723
327600
1867697
210763697
385646522
425920
229319
2097098
159317964
98253
440729550
24707032
1834973
1802208
224886758
32750
1179638
196600
